table的总长度：tableLen:50

符号表：symbolTable[0]:1

符号表：symbolTable[1]:4

符号表：symbolTable[2]:a

符号表：symbolTable[3]:ad

符号表：symbolTable[4]:ag

符号表：symbolTable[5]:an

符号表：symbolTable[6]:b

符号表：symbolTable[7]:25191

符号表：symbolTable[8]:c

符号表：symbolTable[9]:d

符号表：symbolTable[10]:dg

符号表：symbolTable[11]:e

符号表：symbolTable[12]:f

符号表：symbolTable[13]:h

符号表：symbolTable[14]:i

符号表：symbolTable[15]:j

符号表：symbolTable[16]:k

符号表：symbolTable[17]:l

符号表：symbolTable[18]:m

符号表：symbolTable[19]:28007

符号表：symbolTable[20]:n

符号表：symbolTable[21]:ng

符号表：symbolTable[22]:nr

符号表：symbolTable[23]:ns

符号表：symbolTable[24]:nt

符号表：symbolTable[25]:nx

符号表：symbolTable[26]:nz

符号表：symbolTable[27]:o

符号表：symbolTable[28]:p

符号表：symbolTable[29]:q

符号表：symbolTable[30]:r

符号表：symbolTable[31]:29287

符号表：symbolTable[32]:s

符号表：symbolTable[33]:t

符号表：symbolTable[34]:tg

符号表：symbolTable[35]:u

符号表：symbolTable[36]:ud

符号表：symbolTable[37]:ug

符号表：symbolTable[38]:uj

符号表：symbolTable[39]:ul

符号表：symbolTable[40]:uv

符号表：symbolTable[41]:uz

符号表：symbolTable[42]:v

符号表：symbolTable[43]:vd

符号表：symbolTable[44]:vg

符号表：symbolTable[45]:vn

符号表：symbolTable[46]:w

符号表：symbolTable[47]:y

符号表：symbolTable[48]:31079

符号表：symbolTable[49]:z

关键词 key:0

总词频 totalFreq:1156268

词频率 tagFreq[0]:50610

词频率 tagFreq[1]:0

词频率 tagFreq[2]:34439

词频率 tagFreq[3]:5899

词频率 tagFreq[4]:311

词频率 tagFreq[5]:2838

词频率 tagFreq[6]:8734

词频率 tagFreq[7]:5

词频率 tagFreq[8]:25473

词频率 tagFreq[9]:47714

词频率 tagFreq[10]:126

词频率 tagFreq[11]:26

词频率 tagFreq[12]:17248

词频率 tagFreq[13]:48

词频率 tagFreq[14]:5001

词频率 tagFreq[15]:10293

词频率 tagFreq[16]:958

词频率 tagFreq[17]:6055

词频率 tagFreq[18]:41036

词频率 tagFreq[19]:6

词频率 tagFreq[20]:237124

词频率 tagFreq[21]:4497

词频率 tagFreq[22]:20061

词频率 tagFreq[23]:27777

词频率 tagFreq[24]:3565

词频率 tagFreq[25]:459

词频率 tagFreq[26]:3728

词频率 tagFreq[27]:70

词频率 tagFreq[28]:39906

词频率 tagFreq[29]:24236

词频率 tagFreq[30]:32367

词频率 tagFreq[31]:10

词频率 tagFreq[32]:3868

词频率 tagFreq[33]:20646

词频率 tagFreq[34]:486

词频率 tagFreq[35]:5194

词频率 tagFreq[36]:661

词频率 tagFreq[37]:449

词频率 tagFreq[38]:54477

词频率 tagFreq[39]:10234

词频率 tagFreq[40]:2121

词频率 tagFreq[41]:1664

词频率 tagFreq[42]:184620

词频率 tagFreq[43]:493

词频率 tagFreq[44]:1866

词频率 tagFreq[45]:42615

词频率 tagFreq[46]:173046

词频率 tagFreq[47]:1892

词频率 tagFreq[48]:1

词频率 tagFreq[49]:1315








contextArray[0] 0 0 648 172 11 17 245 0 2702 1653 8 11 204 4 197 694 0 443 2859 1 6233 23 3275 3416 828 25 263 3 5245 11 6857 0 177 3512 27 10 0 0 1 0 0 0 5230 4 54 440 5047 2 0 58

contextArray[1] 0 0 0 0 0 0 0 0 0 0 0 0 0 0 0 0 0 0 0 0 0 0 0 0 0 0 0 0 0 0 0 0 0 0 0 0 0 0 0 0 0 0 0 0 0 0 0 0 0 0

contextArray[2] 0 173 833 8 6 127 62 0 451 296 2 0 84 0 13 80 4 125 896 0 11004 139 53 121 2 2 10 0 296 258 94 0 17 45 4 152 75 4 7616 167 1129 14 928 3 11 2264 6481 357 0 33

contextArray[3] 0 0 72 35 0 0 1 0 1 79 0 0 3 0 5 2 0 19 4 0 3 0 0 0 0 0 0 0 124 0 5 0 0 1 1 0 0 0 0 0 0 0 5482 5 21 2 34 0 0 0

contextArray[4] 0 6 10 0 1 0 1 1 10 8 0 0 2 0 0 0 0 1 4 0 53 16 2 1 0 0 0 0 2 0 2 0 0 0 0 0 0 0 15 0 1 0 57 0 7 1 107 3 0 0

contextArray[5] 0 37 10 5 0 46 0 0 231 114 0 0 37 0 7 0 0 3 12 0 264 6 2 2 1 0 0 0 23 1 5 0 0 0 1 18 0 0 150 0 2 0 260 0 0 219 1375 7 0 0

contextArray[6] 0 3 98 1 1 61 146 0 42 17 0 0 78 0 4 52 0 47 69 0 5576 19 3 82 9 6 16 0 17 3 26 0 18 7 0 12 1 0 804 0 2 0 121 0 3 801 581 5 0 3

contextArray[7] 0 1 1 0 0 0 0 0 0 0 0 0 0 0 0 0 0 0 0 0 1 0 0 0 0 0 0 0 0 0 0 0 0 0 0 0 0 0 0 0 0 0 0 0 0 1 1 0 0 0

contextArray[8] 0 1 997 182 6 142 292 0 102 1507 2 0 100 9 128 264 0 234 645 0 6529 29 316 1099 91 15 94 1 1411 10 1134 0 145 292 7 18 0 0 2 0 0 0 6181 12 44 1800 1604 0 0 28

contextArray[9] 0 5 6181 470 39 2 59 0 93 4042 17 0 46 0 440 16 1 294 740 1 307 19 21 41 4 3 2 4 3511 15 296 0 8 74 4 30 1 0 41 4 193 0 29677 33 359 34 517 8 0 62

contextArray[10] 0 0 40 0 2 0 0 0 0 2 0 0 0 0 0 0 0 1 6 0 2 0 0 0 0 0 0 0 3 0 1 0 0 5 0 0 0 0 0 0 0 0 60 0 3 0 1 0 0 0

contextArray[11] 0 0 0 0 0 0 0 0 0 0 0 1 0 0 0 0 0 0 0 0 0 0 0 0 0 0 0 0 0 0 0 0 0 0 0 0 0 0 0 0 1 0 1 0 0 0 23 0 0 0

contextArray[12] 0 26 185 144 3 13 43 0 133 1216 2 0 78 0 79 32 1 81 672 0 1254 25 24 120 8 1 6 2 414 35 203 0 19 16 0 66 0 0 1852 2 2 1 4237 12 39 170 5992 21 0 19

contextArray[13] 0 0 2 0 0 0 2 0 0 0 0 0 0 0 0 6 0 1 2 0 26 0 0 1 1 0 1 0 0 0 0 0 0 0 0 0 0 0 0 0 0 0 1 0 0 5 0 0 0 0

contextArray[14] 0 45 9 5 1 0 2 0 43 69 3 0 44 0 18 2 2 8 14 1 75 6 4 8 0 0 1 0 61 5 8 0 2 3 1 32 1 0 962 3 318 1 299 0 7 8 2896 31 0 3

contextArray[15] 0 26 113 42 0 5 281 0 194 280 0 0 244 0 10 1247 5 30 466 0 3195 16 14 124 6 1 19 0 248 6 82 0 44 69 4 101 0 0 379 1 0 0 1296 10 5 514 1213 1 0 2

contextArray[16] 0 1 27 11 1 0 6 0 15 151 0 0 1 0 21 0 0 10 5 0 40 1 1 1 0 1 1 0 96 0 14 0 10 12 0 3 0 0 87 0 0 0 314 1 1 2 121 2 0 1

contextArray[17] 0 41 65 23 1 8 5 0 161 183 0 0 95 0 12 15 0 25 53 0 605 13 15 16 1 0 1 0 100 1 44 0 8 13 0 61 1 1 896 3 86 1 581 4 7 175 2712 23 0 0

contextArray[18] 0 294 1243 19 12 50 143 1 115 327 0 0 236 1 60 81 3 68 2580 0 6960 282 27 222 0 6 54 1 223 21924 50 0 24 69 13 9 0 0 503 1 16 0 1941 0 28 369 3040 12 0 29

contextArray[19] 0 0 1 0 0 0 0 0 0 0 0 0 0 0 0 0 0 0 0 0 2 0 0 0 0 0 0 0 0 0 0 0 0 0 0 0 0 0 0 0 0 0 3 0 0 0 0 0 0 0

contextArray[20] 0 1604 4111 1345 37 438 1116 0 8461 12529 34 1 7892 2 846 1164 840 892 4265 0 42974 660 5538 922 111 40 164 13 6366 71 1503 1 421 1377 24 2153 0 1 19021 2 121 3 34836 145 284 12625 61590 328 0 253

contextArray[21] 0 49 81 13 12 0 6 0 63 177 2 0 78 0 9 19 3 15 93 0 537 53 15 140 53 0 10 1 146 4 33 0 1 83 2 35 0 0 190 0 0 0 792 1 15 39 1708 14 0 5

contextArray[22] 0 836 113 66 0 0 69 0 455 852 1 0 38 0 57 10 3 45 243 0 2412 38 428 116 9 1 4 1 1173 2 124 0 46 618 1 429 1 0 651 0 0 0 3848 7 367 38 6936 9 0 14

contextArray[23] 0 77 293 102 2 28 243 0 504 701 0 0 448 1 33 565 5 138 839 0 10395 68 101 1677 122 6 595 0 582 10 252 0 235 1570 6 348 0 0 1632 0 0 0 2908 7 14 550 2704 9 0 7

contextArray[24] 0 4 16 10 0 8 177 0 71 81 0 0 28 0 3 99 0 9 39 0 993 9 8 813 36 0 0 0 151 0 23 0 3 50 0 19 0 0 112 0 0 0 394 0 1 76 332 0 0 0

contextArray[25] 0 0 7 1 0 0 4 0 3 7 0 0 4 0 1 0 20 0 10 0 170 2 1 0 0 0 2 0 6 6 1 0 1 0 0 4 0 0 23 0 0 0 19 0 0 16 151 0 0 0

contextArray[26] 0 7 34 5 0 1 31 0 40 37 0 0 27 1 4 28 4 10 49 0 1912 6 3 28 8 13 20 0 25 2 15 0 7 9 0 34 0 0 100 0 0 0 152 1 3 76 1034 0 0 2

contextArray[27] 0 1 2 0 0 0 0 0 0 2 0 1 0 0 0 0 0 0 4 0 7 0 0 0 0 0 0 3 0 0 0 0 0 0 0 0 0 0 10 0 7 1 14 0 0 1 17 0 0 0

contextArray[28] 0 4 1334 179 3 42 560 0 9 665 1 0 408 2 145 1036 1 305 2072 1 11794 109 836 4298 736 29 216 3 457 24 4177 3 771 2747 38 16 0 0 3 9 0 1 5230 10 35 867 679 0 0 51

contextArray[29] 0 95 1285 46 7 64 385 1 127 608 0 0 1204 2 102 276 0 139 699 0 7933 74 46 212 15 13 75 0 351 21 133 0 59 107 8 45 0 0 1122 3 26 0 2172 5 23 773 5875 46 0 59

contextArray[30] 0 23 966 195 13 42 178 0 313 3150 2 0 175 3 225 126 0 202 1934 0 6688 530 20 704 3 2 26 3 1664 1021 528 0 134 245 4 147 0 0 2249 1 5 1 8152 12 35 771 1753 60 0 62

contextArray[31] 0 0 0 0 0 0 0 0 0 2 0 0 0 0 0 0 1 0 0 0 0 2 0 0 0 0 0 0 0 0 0 1 0 0 0 0 0 0 1 0 0 0 0 0 0 0 3 0 0 0

contextArray[32] 0 12 71 9 0 5 31 0 34 222 1 1 21 0 21 18 0 26 152 0 1104 14 1 22 0 1 6 4 35 4 34 0 18 4 2 16 0 0 433 0 0 0 752 3 2 138 635 5 0 11

contextArray[33] 0 90 203 97 3 3 33 0 104 927 0 0 1002 0 26 101 0 48 474 0 2936 244 74 332 16 5 25 0 1396 7 304 0 39 4576 125 84 0 0 1026 0 0 0 2751 3 13 219 3342 9 0 9

contextArray[34] 0 7 2 2 0 0 0 0 2 47 0 0 5 0 1 1 0 5 7 0 27 5 2 2 0 0 1 0 43 1 1 0 0 16 34 6 0 0 21 0 0 0 98 0 7 3 137 2 0 1

contextArray[35] 0 6 211 8 8 22 57 0 7 123 1 0 6 1 11 15 0 17 387 0 1646 425 0 26 2 0 2 0 54 13 73 0 15 8 30 8 0 0 87 0 11 0 1078 0 25 149 656 0 1 5

contextArray[36] 0 0 146 0 0 2 1 0 1 203 0 0 1 0 59 0 0 11 10 0 27 0 1 2 0 0 2 3 5 1 21 0 3 0 0 2 0 0 0 2 0 1 108 0 1 2 3 4 0 39

contextArray[37] 0 0 30 1 0 2 4 0 0 4 0 0 5 0 0 4 0 1 86 0 95 3 6 17 0 0 4 0 3 0 45 0 0 4 0 0 0 0 40 0 0 0 15 0 0 10 69 1 0 0

contextArray[38] 0 17 3740 48 10 765 1145 0 47 624 1 0 171 4 236 490 0 358 2988 0 27302 46 543 1211 118 45 230 3 64 34 656 0 227 379 8 9 0 0 0 0 0 0 1266 13 15 8491 3027 22 0 124

contextArray[39] 0 2 1003 21 5 26 179 0 8 349 2 0 31 0 69 122 0 82 1942 0 2626 43 149 494 30 9 45 0 270 59 664 0 81 207 3 3 0 0 19 0 0 0 785 5 5 496 370 6 0 24

contextArray[40] 0 0 20 9 0 0 0 0 1 29 0 0 0 0 10 0 0 8 6 0 4 0 0 0 0 0 0 1 199 0 4 0 0 0 0 0 0 0 0 0 0 0 1803 1 4 1 19 0 0 2

contextArray[41] 0 2 138 4 2 18 20 0 2 42 0 0 7 0 18 14 0 8 155 0 497 2 30 56 2 1 4 1 35 12 139 0 15 18 3 1 0 0 24 0 0 0 195 1 0 16 157 1 0 24

contextArray[42] 0 661 6913 851 69 741 1741 1 2092 4988 19 0 2445 13 875 1852 13 1079 10903 1 34362 1107 1298 5012 369 62 413 6 6621 515 7086 3 802 1841 53 625 576 438 10591 10006 110 1622 30472 109 183 4728 29379 813 0 161

contextArray[43] 0 0 10 15 0 0 0 0 0 28 0 0 1 0 0 0 0 1 0 0 4 0 0 0 0 0 0 0 3 0 0 0 0 0 0 0 0 0 2 1 0 0 408 2 0 2 16 0 0 0

contextArray[44] 0 6 58 1 6 7 14 0 13 28 0 0 8 0 9 36 2 4 86 0 433 54 10 65 2 0 3 1 65 4 58 0 4 56 4 10 1 3 18 13 0 12 214 0 5 21 523 6 0 3

contextArray[45] 0 262 286 108 0 57 134 0 2147 1160 0 0 1110 0 58 40 1 71 170 0 15841 109 9 38 0 3 6 0 317 2 89 0 51 42 2 344 0 0 2247 0 4 0 2683 13 8 3364 11806 25 0 8

contextArray[46] 0 46148 2796 1646 49 92 1316 1 6660 10173 28 11 875 5 1188 1786 49 1189 4355 1 21974 298 7184 6332 982 169 1407 16 8087 153 7581 2 459 2568 75 337 4 2 1244 15 4 6 26623 71 227 2329 6280 42 0 207

contextArray[47] 0 26 0 0 0 0 0 0 0 2 0 0 1 0 0 0 0 0 0 0 3 0 0 0 0 0 0 0 0 1 1 0 0 0 1 0 0 0 0 0 0 0 4 0 1 0 1837 15 0 0

contextArray[48] 0 0 0 0 0 0 0 0 0 0 0 0 0 0 0 0 0 0 0 0 0 0 0 0 0 0 0 0 0 0 0 0 0 0 0 0 0 0 0 0 0 0 0 0 0 0 1 0 0 0

contextArray[49] 0 12 35 0 1 4 2 0 16 10 0 0 5 0 1 0 0 2 41 0 299 2 1 4 0 0 0 0 14 0 1 0 4 3 1 7 0 0 303 1 83 0 179 0 4 9 262 3 0 6


220800	a
40842	ad
2022	ag
3129	al
18332	an
79426	b
2657	bl
61991	c
106188	cc
318180	d
533	dg
4446	dl
174	e
110957	f
29	h
5671	k
243442	m
52	Mg
22732	mq
1475592	n
30491	ng
18759	nl
92182	nr
4199	nr1
685	nr2
22766	nrf
1105	nrj
116651	ns
24296	nsf
75172	nt
17842	nz
387	o
252134	p
9872	pba
7120	pbei
113645	q
25539	qt
17005	qv
22545	r
59	Rg
82728	rr
5241	ry
521	rys
142	ryt
4268	ryv
54926	rz
10241	rzs
654	rzt
33897	rzv
23142	s
127508	t
2729	tg
947	u
357986	ude1
13756	ude2
4167	ude3
17509	udeng
139	udh
3269	uguo
67637	ule
554	ulian
1172	uls
4890	usuo
1063	uyy
9908	uzhe
6492	uzhi
927587	v
5060	vd
38446	vf
10884	vg
117823	vi
37928	vl
297385	vn
65993	vshi
11720	vx
30868	vyou
1433	w
146	wb
491518	wd
16330	wf
237038	wj
36729	wky
36730	wkz
21566	wm
134219	wn
6240	wp
1983	ws
3551	wt
5304	ww
54768	wyy
54479	wyz
2778	x
11804	y
7210	z
